    A   T   G   C   S   W   R   Y   K   M   B   V   H   D   N\n
A  1 -10000 -10000 -10000 -10000 -10000 -10000 -10000 -10000 -10000 -10000 -10000 -10000 -10000 -10000\n
T -10000  1 -10000 -10000 -10000 -10000 -10000 -10000 -10000 -10000 -10000 -10000 -10000 -10000 -10000\n
G -10000 -10000  1 -10000 -10000 -10000 -10000 -10000 -10000 -10000 -10000 -10000 -10000 -10000 -10000\n
C -10000 -10000 -10000  1 -10000 -10000 -10000 -10000 -10000 -10000 -10000 -10000 -10000 -10000 -10000\n
S -10000 -10000 -10000 -10000  1 -10000 -10000 -10000 -10000 -10000 -10000 -10000 -10000 -10000 -10000\n
W -10000 -10000 -10000 -10000 -10000  1 -10000 -10000 -10000 -10000 -10000 -10000 -10000 -10000 -10000\n
R -10000 -10000 -10000 -10000 -10000 -10000  1 -10000 -10000 -10000 -10000 -10000 -10000 -10000 -10000\n
K -10000 -10000 -10000 -10000 -10000 -10000 -10000  1 -10000 -10000 -10000 -10000 -10000 -10000 -10000\n
M -10000 -10000 -10000 -10000 -10000 -10000 -10000 -10000  1 -10000 -10000 -10000 -10000 -10000 -10000\n
M -10000 -10000 -10000 -10000 -10000 -10000 -10000 -10000 -10000  1 -10000 -10000 -10000 -10000 -10000\n
B -10000 -10000 -10000 -10000 -10000 -10000 -10000 -10000 -10000 -10000  1 -10000 -10000 -10000 -10000\n
V -10000 -10000 -10000 -10000 -10000 -10000 -10000 -10000 -10000 -10000 -10000  1 -10000 -10000 -10000\n
H -10000 -10000 -10000 -10000 -10000 -10000 -10000 -10000 -10000 -10000 -10000 -10000  1 -10000 -10000\n
D -10000 -10000 -10000 -10000 -10000 -10000 -10000 -10000 -10000 -10000 -10000 -10000 -10000  1 -10000\n
N -10000 -10000 -10000 -10000 -10000 -10000 -10000 -10000 -10000 -10000 -10000 -10000 -10000 -10000  1\n
